best_params:
  batch: 64
  decoder_dim: 64
  decoder_layers: 4
  dropout: 0.2663305064616681
  encoder_layers: 4
  hidden: 512
  lookback: 30
  lr: 0.0009749615682698616
  temporal_width: 6
  weight_decay: 2.3854877560799177e-05
